3.212500000000000000e+01
3.237500000000000000e+01
3.262500000000000000e+01
3.287500000000000000e+01
3.312500000000000000e+01
3.337500000000000000e+01
3.362500000000000000e+01
3.387500000000000000e+01
3.412500000000000000e+01
3.437500000000000000e+01
3.462500000000000000e+01
3.487500000000000000e+01
3.512500000000000000e+01
3.537500000000000000e+01
3.562500000000000000e+01
3.587500000000000000e+01
3.612500000000000000e+01
3.637500000000000000e+01
3.662500000000000000e+01
3.687500000000000000e+01
3.712500000000000000e+01
3.737500000000000000e+01
3.762500000000000000e+01
3.787500000000000000e+01
3.812500000000000000e+01
3.837500000000000000e+01
3.862500000000000000e+01
3.887500000000000000e+01
3.912500000000000000e+01
3.937500000000000000e+01
3.962500000000000000e+01
3.987500000000000000e+01
4.012500000000000000e+01
4.037500000000000000e+01
4.062500000000000000e+01
4.087500000000000000e+01
4.112500000000000000e+01
4.137500000000000000e+01
4.162500000000000000e+01
4.187500000000000000e+01
4.212500000000000000e+01
4.237500000000000000e+01
4.262500000000000000e+01
4.287500000000000000e+01
4.312500000000000000e+01
4.337500000000000000e+01
4.362500000000000000e+01
4.387500000000000000e+01
4.412500000000000000e+01
4.437500000000000000e+01
4.462500000000000000e+01
4.487500000000000000e+01
4.512500000000000000e+01
4.537500000000000000e+01
4.562500000000000000e+01
4.587500000000000000e+01
4.612500000000000000e+01
4.637500000000000000e+01
4.662500000000000000e+01
4.687500000000000000e+01
4.712500000000000000e+01
4.737500000000000000e+01
4.762500000000000000e+01
4.787500000000000000e+01
