2.801250000000000000e+02
2.803750000000000000e+02
2.806250000000000000e+02
2.808750000000000000e+02
2.811250000000000000e+02
2.813750000000000000e+02
2.816250000000000000e+02
2.818750000000000000e+02
2.821250000000000000e+02
2.823750000000000000e+02
2.826250000000000000e+02
2.828750000000000000e+02
2.831250000000000000e+02
2.833750000000000000e+02
2.836250000000000000e+02
2.838750000000000000e+02
2.841250000000000000e+02
2.843750000000000000e+02
2.846250000000000000e+02
2.848750000000000000e+02
2.851250000000000000e+02
2.853750000000000000e+02
2.856250000000000000e+02
2.858750000000000000e+02
2.861250000000000000e+02
2.863750000000000000e+02
2.866250000000000000e+02
2.868750000000000000e+02
2.871250000000000000e+02
2.873750000000000000e+02
2.876250000000000000e+02
2.878750000000000000e+02
2.881250000000000000e+02
2.883750000000000000e+02
2.886250000000000000e+02
2.888750000000000000e+02
2.891250000000000000e+02
2.893750000000000000e+02
2.896250000000000000e+02
2.898750000000000000e+02
2.901250000000000000e+02
2.903750000000000000e+02
2.906250000000000000e+02
2.908750000000000000e+02
2.911250000000000000e+02
2.913750000000000000e+02
2.916250000000000000e+02
2.918750000000000000e+02
2.921250000000000000e+02
2.923750000000000000e+02
2.926250000000000000e+02
2.928750000000000000e+02
2.931250000000000000e+02
2.933750000000000000e+02
2.936250000000000000e+02
2.938750000000000000e+02
2.941250000000000000e+02
2.943750000000000000e+02
2.946250000000000000e+02
2.948750000000000000e+02
2.951250000000000000e+02
2.953750000000000000e+02
2.956250000000000000e+02
2.958750000000000000e+02
2.961250000000000000e+02
2.963750000000000000e+02
2.966250000000000000e+02
2.968750000000000000e+02
2.971250000000000000e+02
2.973750000000000000e+02
2.976250000000000000e+02
2.978750000000000000e+02
2.981250000000000000e+02
2.983750000000000000e+02
2.986250000000000000e+02
2.988750000000000000e+02
2.991250000000000000e+02
2.993750000000000000e+02
2.996250000000000000e+02
2.998750000000000000e+02
3.001250000000000000e+02
3.003750000000000000e+02
3.006250000000000000e+02
3.008750000000000000e+02
3.011250000000000000e+02
3.013750000000000000e+02
3.016250000000000000e+02
3.018750000000000000e+02
3.021250000000000000e+02
3.023750000000000000e+02
3.026250000000000000e+02
3.028750000000000000e+02
3.031250000000000000e+02
3.033750000000000000e+02
3.036250000000000000e+02
3.038750000000000000e+02
3.041250000000000000e+02
3.043750000000000000e+02
3.046250000000000000e+02
3.048750000000000000e+02
3.051250000000000000e+02
3.053750000000000000e+02
3.056250000000000000e+02
3.058750000000000000e+02
3.061250000000000000e+02
3.063750000000000000e+02
3.066250000000000000e+02
3.068750000000000000e+02
3.071250000000000000e+02
3.073750000000000000e+02
3.076250000000000000e+02
3.078750000000000000e+02
3.081250000000000000e+02
3.083750000000000000e+02
3.086250000000000000e+02
3.088750000000000000e+02
3.091250000000000000e+02
3.093750000000000000e+02
3.096250000000000000e+02
3.098750000000000000e+02
3.101250000000000000e+02
3.103750000000000000e+02
3.106250000000000000e+02
3.108750000000000000e+02
3.111250000000000000e+02
3.113750000000000000e+02
3.116250000000000000e+02
3.118750000000000000e+02
3.121250000000000000e+02
3.123750000000000000e+02
3.126250000000000000e+02
3.128750000000000000e+02
3.131250000000000000e+02
3.133750000000000000e+02
3.136250000000000000e+02
3.138750000000000000e+02
3.141250000000000000e+02
3.143750000000000000e+02
3.146250000000000000e+02
3.148750000000000000e+02
3.151250000000000000e+02
3.153750000000000000e+02
3.156250000000000000e+02
3.158750000000000000e+02
3.161250000000000000e+02
3.163750000000000000e+02
3.166250000000000000e+02
3.168750000000000000e+02
3.171250000000000000e+02
3.173750000000000000e+02
3.176250000000000000e+02
3.178750000000000000e+02
3.181250000000000000e+02
3.183750000000000000e+02
3.186250000000000000e+02
3.188750000000000000e+02
3.191250000000000000e+02
3.193750000000000000e+02
3.196250000000000000e+02
3.198750000000000000e+02
3.201250000000000000e+02
3.203750000000000000e+02
3.206250000000000000e+02
3.208750000000000000e+02
3.211250000000000000e+02
3.213750000000000000e+02
3.216250000000000000e+02
3.218750000000000000e+02
3.221250000000000000e+02
3.223750000000000000e+02
3.226250000000000000e+02
3.228750000000000000e+02
3.231250000000000000e+02
3.233750000000000000e+02
3.236250000000000000e+02
3.238750000000000000e+02
3.241250000000000000e+02
3.243750000000000000e+02
3.246250000000000000e+02
3.248750000000000000e+02
3.251250000000000000e+02
3.253750000000000000e+02
3.256250000000000000e+02
3.258750000000000000e+02
3.261250000000000000e+02
3.263750000000000000e+02
3.266250000000000000e+02
3.268750000000000000e+02
3.271250000000000000e+02
3.273750000000000000e+02
3.276250000000000000e+02
3.278750000000000000e+02
3.281250000000000000e+02
3.283750000000000000e+02
3.286250000000000000e+02
3.288750000000000000e+02
3.291250000000000000e+02
3.293750000000000000e+02
3.296250000000000000e+02
3.298750000000000000e+02
3.301250000000000000e+02
3.303750000000000000e+02
3.306250000000000000e+02
3.308750000000000000e+02
3.311250000000000000e+02
3.313750000000000000e+02
3.316250000000000000e+02
3.318750000000000000e+02
3.321250000000000000e+02
3.323750000000000000e+02
3.326250000000000000e+02
3.328750000000000000e+02
3.212500000000000000e+01
3.237500000000000000e+01
3.262500000000000000e+01
3.287500000000000000e+01
3.312500000000000000e+01
3.337500000000000000e+01
3.362500000000000000e+01
3.387500000000000000e+01
3.412500000000000000e+01
3.437500000000000000e+01
3.462500000000000000e+01
3.487500000000000000e+01
3.512500000000000000e+01
3.537500000000000000e+01
3.562500000000000000e+01
3.587500000000000000e+01
3.612500000000000000e+01
3.637500000000000000e+01
3.662500000000000000e+01
3.687500000000000000e+01
3.712500000000000000e+01
3.737500000000000000e+01
3.762500000000000000e+01
3.787500000000000000e+01
3.812500000000000000e+01
3.837500000000000000e+01
3.862500000000000000e+01
3.887500000000000000e+01
3.912500000000000000e+01
3.937500000000000000e+01
3.962500000000000000e+01
3.987500000000000000e+01
4.012500000000000000e+01
4.037500000000000000e+01
4.062500000000000000e+01
4.087500000000000000e+01
4.112500000000000000e+01
4.137500000000000000e+01
4.162500000000000000e+01
4.187500000000000000e+01
4.212500000000000000e+01
4.237500000000000000e+01
4.262500000000000000e+01
4.287500000000000000e+01
4.312500000000000000e+01
4.337500000000000000e+01
4.362500000000000000e+01
4.387500000000000000e+01
4.412500000000000000e+01
4.437500000000000000e+01
4.462500000000000000e+01
4.487500000000000000e+01
4.512500000000000000e+01
4.537500000000000000e+01
4.562500000000000000e+01
4.587500000000000000e+01
4.612500000000000000e+01
4.637500000000000000e+01
4.662500000000000000e+01
4.687500000000000000e+01
4.712500000000000000e+01
4.737500000000000000e+01
4.762500000000000000e+01
4.787500000000000000e+01
